365
367
1251
1249
1247
1245
1243
5367
5369
5371
5373
5375
5377
5379
5381
5383
5385
5387
5389
5391
5393
5395
5397
5399
5401
5403
5405
461
5407
5409
5411
5413
5415
5417
5419
5421
5423
5425
5427
5445
5473
5455
5925
815
813
5875
5877
5879
5881
5883
5885
5887
5889
5891
5893
5443
5451
5895
5933
5935
5937
5939
5941
5943
5945
5947
5949
5951
5953
5955
5957
5959
5961
5963
5965
5967
5969
5971
5973
5975
5977
5979
5981
5983
5985
5987
5989
5991
5993
5995
5997
5999
6001
6003
6005
6007
6009
6011
6013
6015
6017
6019
6021
6023
6025
6027
6029
6031
6033
6035
6037
6039
6041
6043
6045
6047
6049
6051
6053
6055
6057
6059
6061
6063
6065
6067
6069
6071
6073
6075
6077
6079
6081
6083
6085
6087
6089
6091
6093
6095
6097
1469
1471
1473
3723
3721
3719
3717
3715
3713
3711
3709
3707
3705
3703
3701
3699
3697
3695
3693
3691
3689
3687
3685
3683
3681
3679
3677
3675
3673
3671
3669
3667
3615
3617
5337
5335
5333
5339
1219
3665
3613
3611
3663
3661
3609
3607
3605
3603
3601
3599
3597
3595
3593
3591
3659
3589
3657
3655
3653
3651
3649
3647
3645
3643
3641
3639
3637
3635
3633
3631
3629
3627
3625
3623
3621
3619
1513
1511
1509
1507
1505
1503
1475
2505
3745
3743
3741
3739
3737
3735
3733
3731
3729
3727
3725
2507
2509
2511
2513
1477
4593
4595
4597
6513
6515
6517
6519
6521
6523
6525
6527
6529
6531
6533
6535
6537
6539
6541
6543
6545
6547
6549
6551
6553
6555
6557
6559
6561
6563
6565
6567
6569
6571
5435
5475
5477
2111
3747
3749
3751
3753
3755
3757
3759
3761
3763
3765
3767
3769
3771
3773
3775
3777
3779
3781
3783
3785
3787
3789
3791
3793
3795
3797
3799
3801
3803
3805
3807
3809
3811
3813
3815
3817
3819
3821
3823
3825
3827
3829
3831
3833
3835
3837
3839
3841
3843
3845
3847
3849
3851
3853
3855
3857
3859
3861
3863
3865
3867
3869
3871
3873
3875
3877
3879
3881
3883
3885
3887
3889
3891
3893
3895
3897
3899
3901
3903
3905
3907
3909
3911
3913
3915
3917
3919
3921
3923
3925
3927
3929
3931
3933
3935
3937
3939
3941
3943
3945
3947
3949
3951
3953
3955
3957
3959
3961
3963
3965
3967
3969
3971
3973
3975
3977
3979
3981
3983
3985
3987
3989
3991
3993
3995
3997
3999
4001
4003
4005
4007
4009
4011
4013
4015
4017
4019
4021
4023
4025
4027
4029
4031
4033
4035
4037
4039
4041
4043
4045
4047
4049
4051
4053
4055
4057
4059
4061
4063
4065
4067
4069
4071
4073
4075
4077
4079
4081
4083
4085
4087
4089
4091
4093
4095
4097
4099
4101
4103
4105
4107
4109
4111
4113
4115
4117
4119
4121
4123
4125
4127
4129
4131
4133
4135
4137
4139
4141
4143
4145
4147
4149
4151
4153
4155
4157
4159
4161
4163
4165
4167
4169
4171
4173
4175
4177
4179
4181
4183
4185
4187
4189
4191
4193
4195
4197
4199
4201
4203
4205
4207
4209
4211
4213
4215
4217
4219
4221
4223
4225
4227
4229
4231
4233
4235
4237
4239
4241
4243
4245
4247
4249
4251
4253
4255
4257
4259
4261
4263
4265
4267
4269
4271
4273
4275
4277
4279
4281
4283
4285
4287
4289
4291
4293
4295
4297
4299
4301
4303
4305
4307
4309
4311
4313
4315
4317
4319
4321
4323
4325
4327
4329
4331
4333
4335
4337
4339
4341
4343
4345
4347
4349
4351
4353
4355
4357
4359
4361
4363
4365
4367
4369
4371
4373
4375
4377
4379
4381
4383
4385
4387
4389
4391
4393
4395
4397
4399
4401
4403
4405
4407
4409
4411
4413
4415
4417
795
793
791
789
787
785
783
781
779
777
775
773
771
769
767
765
763
761
759
757
755
753
751
749
747
745
743
741
739
737
735
733
731
729
727
725
723
721
719
717
715
713
711
709
707
705
703
701
699
697
695
693
691
689
687
685
683
681
679
677
675
673
671
669
667
665
663
661
659
657
655
653
651
649
647
645
643
641
639
637
635
633
631
629
627
625
623
621
619
617
615
613
611
609
607
605
603
601
599
597
595
593
591
589
587
585
583
581
579
577
575
573
571
569
567
565
563
561
559
557
555
553
551
549
547
545
543
541
539
537
535
533
531
529
527
525
523
521
519
517
515
513
511
509
507
505
503
501
499
497
495
493
491
489
487
485
483
481
479
477
475
473
471
469
467
465
463
1221
1223
1225
1227
1229
1231
1233
1259
391
389
387
385
393
395
397
383
381
379
399
401
403
405
407
409
411
413
415
417
419
421
423
425
427
429
431
433
435
437
439
441
5365
819
821
823
825
827
829
831
833
835
837
839
841
843
845
847
849
851
853
855
857
859
861
863
865
867
869
871
873
875
877
879
881
883
885
887
889
891
893
895
897
899
901
903
905
907
909
911
913
915
917
919
921
923
925
927
929
931
933
935
937
939
941
943
945
947
949
951
953
955
957
959
961
963
965
967
969
971
973
975
977
979
981
983
985
987
989
991
993
995
997
999
1001
1003
1005
1007
1009
1011
1013
1015
1017
1019
1021
1023
1025
1027
1029
1031
1033
1035
1037
1039
1041
1043
1045
1047
1049
1051
1053
1055
1057
1059
1061
1069
1071
1073
1067
1065
1063
1075
1077
1079
1081
1083
1085
1087
1089
1091
1093
1095
1097
1099
1101
1103
1105
1107
1109
1111
1113
1115
1117
1119
1121
1123
1125
1127
1129
1131
1133
1135
1137
1139
1141
1143
1145
1147
1149
1151
1153
1155
1157
1159
1161
1163
1165
1167
1169
1171
1173
1175
1177
1179
1181
1183
1185
1187
1189
1191
1193
1195
1197
1199
1201
1203
1205
1207
1209
1211
1213
1215
5331
5329
5327
5325
5323
5321
5319
5317
5315
5313
5311
5309
5307
5305
5303
5301
5299
5297
5295
5293
5291
5289
5287
5285
5283
5281
5279
5277
5275
5273
5271
5269
5267
5265
5263
5261
5259
5257
5255
5253
5251
5249
5247
5245
5243
5241
5239
5237
5235
5233
5231
5229
5227
5225
5223
5221
5219
5217
5215
5213
5211
5209
5207
5205
5203
5201
5199
5197
5195
5193
5191
5189
5187
5185
5183
5181
5179
5177
5175
5173
5171
5169
5167
5165
5163
5161
5159
5157
5155
5153
5151
5149
5147
5145
5143
5141
5139
5137
5135
5133
5131
5129
5127
5125
5123
5121
5119
5117
5115
5113
5111
5109
5107
5105
5103
5101
5099
5097
5095
5093
5091
5089
5087
5085
5083
5081
5079
5077
5075
5073
5071
5069
5067
5065
5063
5061
5059
5057
5055
5053
5051
5049
5047
5045
5043
5041
5039
5037
5035
5033
6455
6457
6459
6461
6463
6465
6467
6469
6471
6473
6475
6477
6479
6481
6483
6485
6487
6489
6491
6493
6495
6497
6499
6501
6503
6505
6507
6509
1685
1687
1689
1691
1693
1695
1697
1699
1701
1703
1705
1707
1709
1711
1713
1715
1717
1719
1721
1723
1725
1727
1729
1731
1733
1735
1737
1739
1741
1743
1745
1747
1749
1751
1753
1755
1757
1759
1761
1763
1765
1767
1769
1771
1773
1775
1777
1779
1781
1783
1785
1787
1789
1791
1793
1795
1797
1799
1801
1803
1805
1807
1809
1811
1813
1815
1817
1819
1821
1823
1825
1827
1829
1831
1833
1835
1837
1839
1841
1843
1845
1847
1849
1851
1853
1855
1857
1859
1861
1863
1865
1867
1869
1871
1873
1875
1877
4575
4577
4579
4581
4583
4585
4587
4589
4601
4603
4605
4607
4609
4611
4613
4615
4617
817
4619
4621
4623
4625
4627
6511
4629
4631
4633
4635
4637
4639
4641
4643
4645
4647
4649
4651
4653
4655
4657
4659
4661
4663
4665
4667
4669
4671
4673
4675
4677
4679
4681
4683
4685
4687
4689
4691
4693
4695
4697
4699
4701
4703
4705
4707
4709
4711
4713
4715
4717
4719
4721
4723
4725
4727
4729
4731
4733
4735
4737
4739
4741
4743
4745
4747
4749
4751
4753
4755
4757
4759
4761
4763
4765
4767
4769
4771
4773
4775
4777
4779
4781
4783
4785
4787
4789
4791
4793
4795
4797
4799
4801
4803
4805
4807
4809
4811
4813
4815
4817
4819
4821
4823
4825
4827
4829
4831
4833
4835
4837
4839
4841
4843
4845
4847
4849
4851
4853
4855
4857
4859
4861
4863
4865
4867
4869
4871
4873
4875
4877
4879
4881
4883
4885
4887
4889
4891
4893
4895
4897
4899
4901
4903
4905
4907
4909
4911
4913
4915
4917
4919
4921
4923
4925
4927
4929
4931
4933
4935
4937
4939
4941
4943
4945
4947
4949
4951
4953
4955
4957
4959
4961
4963
4965
4967
4969
4971
4973
4975
4977
4979
4981
4983
4985
4987
4989
4991
4993
4995
4997
4999
5001
5003
5005
5007
5009
5011
5013
5015
5017
5019
5021
5023
5025
5027
5029
5031
457
459
6365
6339
6337
6363
6361
6335
6333
6359
6357
6331
1907
1905
1903
1901
1899
1897
1895
1893
1891
1889
1887
1885
1883
1881
1879
455
453
451
449
443
447
445
797
4419
4421
4423
4425
4427
4429
4431
4433
4435
4437
4439
4441
4443
4445
4447
4449
4451
4453
4455
4457
4459
4461
4463
4465
4467
4469
4471
4473
4475
4477
4479
4481
4483
4485
4487
4489
4491
4493
4495
4497
4499
4501
4503
4505
4507
4509
4511
4513
4515
4517
4519
4521
4523
4525
4527
4529
4531
4533
4535
4537
4539
4541
4543
4545
4547
4549
4551
4553
4555
4557
4559
4561
4563
1579
1581
1583
1683
1681
1679
1677
1675
1673
1671
1669
1667
1665
1663
1661
1659
1657
1655
1653
1651
1649
1647
1645
1643
1641
1639
1637
1635
1633
1631
1629
1627
1625
1623
1621
1619
1617
1615
1613
1611
1609
1607
1605
1603
1601
1599
1597
1595
1593
1591
1589
1587
1585
1577
1575
1573
1571
1569
1567
1565
1563
1561
1559
1557
1555
1553
1551
1549
1547
1545
1543
1541
1539
1537
1535
1533
1531
1529
1527
1525
1523
1521
1519
1517
1515
2503
1467
1465
1463
1461
1459
1457
1455
1453
1451
1449
1447
1445
1443
1441
1439
1437
1435
1433
1431
1429
1427
1425
1423
1421
1419
1417
1415
1413
1411
1409
1407
1405
1403
1401
1399
1397
1395
1393
1391
1389
1387
1385
1383
1381
1379
1377
1375
1373
1371
1369
1367
1365
1363
1361
1359
1357
1355
1353
1351
1349
1347
1345
1343
1341
1339
1337
1335
1333
1331
1329
1327
1325
1323
1321
1319
1317
1315
1313
1311
1309
5901
5905
5907
5909
5911
5433
1295
1293
1291
1289
1287
1285
1283
1281
1279
1277
1275
1273
1271
1269
1267
1265
1263
1261
5457
799
801
803
805
807
809
1301
811
1299
1297
5873
5871
5869
5867
5865
5863
5861
5859
5857
5855
5853
4591
4565
5479
5851
5849
5847
5845
5843
5841
5839
5837
5835
5833
5831
5829
5827
5825
5823
5821
5819
5817
5815
5813
5811
5809
5807
5805
5803
5801
5799
5797
5795
5793
5791
5789
5787
5785
5783
5781
5779
5777
5775
5773
5771
5769
5767
5765
5763
5761
5759
5757
5755
5753
5751
5749
5747
5745
5743
5741
5739
5737
5735
5733
5731
5729
5727
5725
5723
5721
5719
5717
5715
5713
5711
5709
5707
5705
5703
5701
5699
5697
5695
5693
5691
5689
5687
5685
5683
5681
5679
5677
5675
5673
5671
5669
5667
5665
5663
5661
5659
5657
5655
5653
5651
5649
5647
5645
5643
5641
5639
5637
5635
5633
5631
5629
5627
5625
5623
5621
5619
5617
5615
5613
5611
5609
5607
5605
5603
5601
5599
5597
5595
5593
5591
5589
5587
5585
5583
5581
5579
5577
5575
5573
5571
5569
5567
5565
5563
5561
5559
5557
5555
5553
5551
5549
5547
5545
5543
5541
5539
5537
5535
5533
5531
5529
5527
5525
5523
5521
5519
5517
5515
5513
5511
5509
5507
5505
5503
5501
5499
5497
5495
5493
5491
5489
5487
5485
5483
5481
2105
2107
2109
2103
2101
2099
2097
2095
2093
2091
2089
2087
2085
2083
2081
2079
2077
2075
2073
2071
2069
2067
2065
2063
2061
2059
2057
2055
2053
2051
2049
2047
2045
2043
2041
2039
2037
2035
2033
2031
2029
2027
2025
2023
2021
2019
2017
2015
2013
2011
2009
2007
2005
2003
2001
1999
1997
1995
1993
1991
1989
1987
1985
1983
1981
1979
1977
1975
1973
1971
1969
1967
1965
1963
1961
1959
1957
1955
1953
1951
1949
1947
1945
1943
1941
1939
1937
1935
1933
1931
1929
1927
1925
1923
1921
1919
1917
1915
1913
1911
1909
6453
6451
6449
6447
6445
6443
6441
6439
6437
6435
6433
6431
6429
6427
6425
6423
6421
6419
6417
6415
6413
6411
6409
6407
6405
6403
6401
6399
6397
6395
6393
6391
6389
6387
6385
6355
6329
6383
6381
6353
6327
6325
6379
6351
6377
6349
6375
6323
6321
6319
6347
6373
6371
6345
6317
6315
6343
6369
6367
6341
6313
6311
6309
6307
6305
6303
6301
6299
6297
6295
6293
6291
6289
6287
6285
6283
6281
6279
6277
6275
6273
6271
6269
6267
6265
6263
6261
6259
6257
6255
6253
6251
6249
6247
6245
6243
6241
6239
6237
6235
6233
6231
6229
6227
6225
6223
6221
6219
6217
6215
6213
6211
6209
6207
6205
6203
6201
6199
6197
6195
6193
6191
6189
6187
6185
6183
6181
6179
6177
6175
6173
6171
6169
6167
6165
6163
6161
6159
6157
6155
6153
6151
6149
6147
6145
6143
6141
6139
6137
6135
6133
6131
6129
6127
6125
6123
6121
6119
6117
6115
6113
6111
6109
6107
6105
6103
6101
6099
4599
4573
2501
2499
2497
2495
2493
2491
2489
2487
2485
2483
2481
2479
2477
2475
2473
2471
2469
2467
2465
2463
2461
2459
2457
2455
2453
2451
2449
2447
2445
2443
2441
2439
2437
2435
2433
2431
2429
2427
2425
2423
2421
2419
2417
2415
2413
2411
2409
2407
2405
2403
2401
2399
2397
2395
2393
2391
2389
2387
2385
2383
2381
2379
2377
2375
2373
2371
2369
2367
2365
2363
2361
2359
2357
2355
2353
2351
2349
2347
2345
2343
2341
2339
2337
2335
2333
2331
2329
2327
2325
2323
2321
2319
2317
2315
2313
2311
2309
2307
2305
2303
2301
2299
2297
2295
2293
2291
2289
2287
2285
2283
2281
2279
2277
2275
2273
2271
2269
2267
2265
2263
2261
2259
2257
2255
2253
2251
2249
2247
2245
2243
2241
2239
2237
2235
2233
2231
2229
2227
2225
2223
2221
2219
2217
2215
2213
2211
2209
2207
2205
2203
2201
2199
2197
2195
2193
2191
2189
2187
2185
2183
2181
2179
2177
2175
2173
2171
2169
2167
2165
2163
2161
2159
2157
2155
2153
2151
2149
2147
2145
2143
2141
2139
2137
2135
2133
2131
2129
2127
2125
2123
2121
2119
2117
5927
2115
2113
4571
4569
4567
5431
5429
5903
5917
5915
5919
5921
5923
5913
5439
5449
5447
5461
5463
5465
5467
5469
5471
5437
5897
5441
5459
5453
1303
1305
1307
5931
5929
5899
1479
1481
1483
1485
1487
1489
1491
1493
1495
1499
1497
1501
2515
2517
2519
2521
2523
2525
2527
2529
2531
2533
2535
2537
2539
2541
2543
2545
2547
2549
2551
2553
2555
2557
2559
2561
2563
2565
2567
2569
2571
2573
2575
2577
2579
2581
2583
2585
2587
2589
2591
2593
2595
2597
2599
2601
2603
2605
2607
2609
2611
2613
2615
2617
2619
2621
2623
2625
2627
2629
2631
2633
2635
2637
2639
2641
2643
2645
2647
2649
2651
2653
2655
2657
2659
2661
2663
2665
2667
2669
2671
2673
2675
2677
2679
2681
2683
2685
2687
2689
2691
2693
2695
2697
2699
2701
2703
2705
2707
2709
2711
2713
2715
2717
2719
2721
2723
2725
2727
2729
2731
2733
2735
2737
2739
2741
2743
2745
2747
2749
2751
2753
2755
2757
2759
2761
2763
2765
2767
2769
2771
2773
2775
2777
2779
2781
2783
2785
2787
2789
2791
2793
2795
2797
2799
2801
2803
2805
2807
2809
2811
2813
2815
2817
2819
2821
2823
2825
2827
2829
2831
2833
2835
2837
2839
2841
2843
2845
2847
2849
2851
2853
2855
2857
2859
2861
2863
2865
2867
2869
2871
2873
2875
2877
2879
2881
2883
2885
2887
2889
2891
2893
2895
2897
2899
2901
2903
2905
2907
2909
2911
2913
2915
2917
2919
2921
2923
2925
2927
2929
2931
2933
2935
2937
2939
2941
2943
2945
2947
2949
2951
2953
2955
2957
2959
2961
2963
2965
2967
2969
2971
2973
2975
2977
2979
2981
2983
2985
2987
2989
2991
2993
2995
2997
2999
3001
3003
3005
3007
3009
3011
3013
3015
3017
3019
3021
3023
3025
3027
3029
3031
3033
3035
3037
3039
3041
3043
3045
3047
3049
3051
3053
3055
3057
3059
3061
3063
3065
3067
3069
3071
3073
3075
3077
3079
3081
3083
3085
3087
3089
3091
3093
3095
3097
3099
3101
3103
3105
3107
3109
3111
3113
3115
3117
3119
3121
3123
3125
3127
3129
3131
3133
3135
3137
3139
3141
3143
3145
3147
3149
3151
3153
3155
3157
3159
3161
3163
3165
3167
3169
3171
3173
3175
3177
3179
3181
3183
3185
3187
3189
3191
3193
3195
3197
3199
3201
3203
3205
3207
3209
3211
3213
3215
3217
3219
3221
3223
3225
3227
3229
3231
3233
3235
3237
3239
3241
3243
3245
3247
3249
3251
3253
3255
3257
3259
3261
3263
3265
3267
3269
3271
3273
3275
3277
3279
3281
3283
3285
3287
3289
3291
3293
3295
3297
3299
3301
3303
3305
3307
3309
3311
3313
3315
3317
3319
3321
3323
3325
3327
3329
3331
3333
3335
3337
3339
3341
3343
3345
3347
3349
3351
3353
3355
3357
3359
3361
3363
3365
3367
3369
3371
3373
3375
3377
3379
3381
3383
3385
3387
3389
3391
3393
3395
3397
3399
3401
3403
3405
3407
3409
3411
3413
3415
3417
3419
3421
3423
3425
3427
3429
3431
3433
3435
3437
3439
3441
3443
3445
3447
3449
3451
3453
3455
3457
3459
3461
3463
3465
3467
3469
3471
3473
3475
3477
3479
3481
3483
3485
3487
3489
3491
3493
3495
3497
3499
3501
3503
3505
3507
3509
3511
3513
3515
3517
3519
3521
3523
3525
3527
3529
3531
3533
3535
3537
3539
3541
3543
3545
3547
3549
3551
3553
3555
3557
3559
3561
3563
3565
3567
3569
3571
3573
3575
3577
3579
3581
3583
3585
3587
5363
5361
5359
5357
5355
5353
5341
1217
5351
5343
5345
5347
5349
1237
1235
1257
377
375
373
1255
1239
1241
1253
371
369
